0.999920006399488 	 0.000079611495727 	 0.000000382104785 	
0.999840019197952 	 0.000043910544128 	 0.000116070257920 	
0.999760038394880 	 0.000037865153991 	 0.000202096451128 	
0.999680271823651 	 0.000036721890538 	 0.000283006285810 	
0.999600568705874 	 0.000036498142771 	 0.000362933151355 	
0.999520929657952 	 0.000036444610895 	 0.000442625731152 	
0.999441354764702 	 0.000036422703655 	 0.000522222531644 	
0.999361843971180 	 0.000036406686754 	 0.000601749342067 	
0.999282397189020 	 0.000036391778103 	 0.000681211032877 	
0.999203014322399 	 0.000036377088903 	 0.000760608588699 	
0.999123695274020 	 0.000036362453930 	 0.000839942272049 	
0.999044439946437 	 0.000036347842453 	 0.000919212211110 	
0.998965248242338 	 0.000036333248735 	 0.000998418508927 	
0.998886120064608 	 0.000036318671685 	 0.001077561263707 	
0.998807055316339 	 0.000036304111079 	 0.001156640572582 	
0.998728053900833 	 0.000036289566851 	 0.001235656532316 	
0.998649115721603 	 0.000036275038965 	 0.001314609239432 	
0.998570240682370 	 0.000036260527392 	 0.001393498790238 	
0.998491428687062 	 0.000036246032104 	 0.001472325280834 	
0.998412679639820 	 0.000036231553071 	 0.001551088807109 	
0.998333993444987 	 0.000036217090265 	 0.001629789464747 	
0.998255370007118 	 0.000036202643659 	 0.001708427349223 	
0.998176809230969 	 0.000036188213225 	 0.001787002555806 	
0.998098311021508 	 0.000036173798933 	 0.001865515179560 	
0.998019875283903 	 0.000036159400756 	 0.001943965315341 	
0.997941501923529 	 0.000036145018666 	 0.002022353057804 	
0.997863190845966 	 0.000036130652636 	 0.002100678501398 	
0.997784941956996 	 0.000036116302637 	 0.002178941740367 	
0.997706755162604 	 0.000036101968641 	 0.002257142868754 	
0.997628630368979 	 0.000036087650622 	 0.002335281980399 	
0.997550567482510 	 0.000036073348551 	 0.002413359168939 	
0.997472566409788 	 0.000036059062400 	 0.002491374527811 	
0.997394627057606 	 0.000036044792143 	 0.002569328150250 	
0.997316749332956 	 0.000036030537752 	 0.002647220129292 	
0.997238933143029 	 0.000036016299199 	 0.002725050557772 	
0.997161178395216 	 0.000036002076457 	 0.002802819528327 	
0.997083484997107 	 0.000035987869499 	 0.002880527133393 	
0.997005852856490 	 0.000035973678298 	 0.002958173465211 	
0.996928281881350 	 0.000035959502826 	 0.003035758615823 	
0.996850771979869 	 0.000035945343057 	 0.003113282677074 	
0.996773323060425 	 0.000035931198964 	 0.003190745740611 	
0.996695935031593 	 0.000035917070518 	 0.003268147897889 	
0.996618607802142 	 0.000035902957695 	 0.003345489240163 	
0.996541341281036 	 0.000035888860466 	 0.003422769858497 	
0.996464135377436 	 0.000035874778806 	 0.003499989843759 	
0.996386990000691 	 0.000035860712687 	 0.003577149286622 	
0.996309905060350 	 0.000035846662082 	 0.003654248277568 	
0.996232880466149 	 0.000035832626966 	 0.003731286906885 	
0.996155916128020 	 0.000035818607311 	 0.003808265264669 	
0.996079011956084 	 0.000035804603092 	 0.003885183440824 	
0.996002167860655 	 0.000035790614282 	 0.003962041525063 	
0.995925383752236 	 0.000035776640854 	 0.004038839606910 	
0.995848659541522 	 0.000035762682782 	 0.004115577775696 	
0.995771995139396 	 0.000035748740040 	 0.004192256120564 	
0.995695390456929 	 0.000035734812602 	 0.004268874730468 	
0.995618845405384 	 0.000035720900442 	 0.004345433694174 	
0.995542359896209 	 0.000035707003534 	 0.004421933100257 	
0.995465933841041 	 0.000035693121852 	 0.004498373037108 	
0.995389567151702 	 0.000035679255369 	 0.004574753592929 	
0.995313259740204 	 0.000035665404060 	 0.004651074855736 	
0.995237011518741 	 0.000035651567900 	 0.004727336913359 	
0.995160822399696 	 0.000035637746862 	 0.004803539853442 	
0.995084692295634 	 0.000035623940921 	 0.004879683763445 	
0.995008621119307 	 0.000035610150051 	 0.004955768730643 	
0.994932608783649 	 0.000035596374226 	 0.005031794842125 	
0.994856655201778 	 0.000035582613422 	 0.005107762184800 	
0.994780760286996 	 0.000035568867612 	 0.005183670845392 	
0.994704923952786 	 0.000035555136771 	 0.005259520910443 	
0.994629146112814 	 0.000035541420875 	 0.005335312466311 	
0.994553426680927 	 0.000035527719897 	 0.005411045599176 	
0.994477765571154 	 0.000035514033812 	 0.005486720395033 	
0.994402162697703 	 0.000035500362596 	 0.005562336939701 	
0.994326617974963 	 0.000035486706223 	 0.005637895318814 	
0.994251131317502 	 0.000035473064668 	 0.005713395617830 	
0.994175702640067 	 0.000035459437906 	 0.005788837922027 	
0.994100331857586 	 0.000035445825912 	 0.005864222316502 	
0.994025018885160 	 0.000035432228662 	 0.005939548886178 	
0.993949763638073 	 0.000035418646130 	 0.006014817715797 	
0.993874566031784 	 0.000035405078291 	 0.006090028889925 	
0.993799425981926 	 0.000035391525122 	 0.006165182492952 	
0.993724343404314 	 0.000035377986597 	 0.006240278609089 	
0.993649318214933 	 0.000035364462691 	 0.006315317322376 	
0.993574350329947 	 0.000035350953381 	 0.006390298716672 	
0.993499439665693 	 0.000035337458641 	 0.006465222875665 	
0.993424586138684 	 0.000035323978448 	 0.006540089882868 	
0.993349789665604 	 0.000035310512776 	 0.006614899821620 	
0.993275050163313 	 0.000035297061602 	 0.006689652775085 	
0.993200367548842 	 0.000035283624901 	 0.006764348826256 	
0.993125741739398 	 0.000035270202650 	 0.006838988057953 	
0.993051172652355 	 0.000035256794823 	 0.006913570552823 	
0.992976660205262 	 0.000035243401396 	 0.006988096393342 	
0.992902204315838 	 0.000035230022347 	 0.007062565661815 	
0.992827804901974 	 0.000035216657650 	 0.007136978440376 	
0.992753461881729 	 0.000035203307282 	 0.007211334810990 	
0.992679175173332 	 0.000035189971218 	 0.007285634855450 	
0.992604944695183 	 0.000035176649436 	 0.007359878655381 	
0.992530770365850 	 0.000035163341910 	 0.007434066292239 	
0.992456652104069 	 0.000035150048618 	 0.007508197847312 	
0.992382589828744 	 0.000035136769536 	 0.007582273401719 	
0.992308583458947 	 0.000035123504640 	 0.007656293036412 	
0.992234632913917 	 0.000035110253907 	 0.007730256832176 	
0.992160738113059 	 0.000035097017312 	 0.007804164869629 	
0.992086898975944 	 0.000035083794833 	 0.007878017229223 	
0.992013115422310 	 0.000035070586446 	 0.007951813991244 	
0.991939387372059 	 0.000035057392128 	 0.008025555235813 	
0.991865714745259 	 0.000035044211855 	 0.008099241042886 	
0.991792097462141 	 0.000035031045604 	 0.008172871492255 	
0.991718535443101 	 0.000035017893353 	 0.008246446663546 	
0.991645028608699 	 0.000035004755076 	 0.008319966636224 	
0.991571576879658 	 0.000034991630753 	 0.008393431489589 	
0.991498180176861 	 0.000034978520359 	 0.008466841302780 	
0.991424838421357 	 0.000034965423872 	 0.008540196154771 	
0.991351551534356 	 0.000034952341268 	 0.008613496124377 	
0.991278319437226 	 0.000034939272524 	 0.008686741290249 	
0.991205142051501 	 0.000034926217619 	 0.008759931730880 	
0.991132019298873 	 0.000034913176529 	 0.008833067524599 	
0.991058951101193 	 0.000034900149230 	 0.008906148749577 	
0.990985937380474 	 0.000034887135702 	 0.008979175483824 	
0.990912978058888 	 0.000034874135920 	 0.009052147805192 	
0.990840073058764 	 0.000034861149862 	 0.009125065791374 	
0.990767222302592 	 0.000034848177506 	 0.009197929519902 	
0.990694425713018 	 0.000034835218829 	 0.009270739068153 	
0.990621683212846 	 0.000034822273809 	 0.009343494513345 	
0.990548994725039 	 0.000034809342423 	 0.009416195932539 	
0.990476360172714 	 0.000034796424648 	 0.009488843402637 	
0.990403779479147 	 0.000034783520464 	 0.009561437000389 	
0.990331252567768 	 0.000034770629847 	 0.009633976802385 	
0.990258779362165 	 0.000034757752774 	 0.009706462885061 	
0.990186359786078 	 0.000034744889225 	 0.009778895324697 	
0.990113993763404 	 0.000034732039177 	 0.009851274197419 	
0.990041681218194 	 0.000034719202607 	 0.009923599579199 	
0.989969422074653 	 0.000034706379494 	 0.009995871545853 	
0.989897216257139 	 0.000034693569815 	 0.010068090173046 	
0.989825063690163 	 0.000034680773550 	 0.010140255536287 	
0.989752964298391 	 0.000034667990675 	 0.010212367710934 	
0.989680918006638 	 0.000034655221169 	 0.010284426772192 	
0.989608924739874 	 0.000034642465011 	 0.010356432795115 	
0.989536984423218 	 0.000034629722178 	 0.010428385854604 	
0.989465096981943 	 0.000034616992649 	 0.010500286025408 	
0.989393262341470 	 0.000034604276402 	 0.010572133382128 	
0.989321480427372 	 0.000034591573416 	 0.010643927999212 	
0.989249751165372 	 0.000034578883669 	 0.010715669950960 	
0.989178074481342 	 0.000034566207139 	 0.010787359311519 	
0.989106450301304 	 0.000034553543806 	 0.010858996154890 	
0.989034878551429 	 0.000034540893647 	 0.010930580554924 	
0.988963359158035 	 0.000034528256641 	 0.011002112585324 	
0.988891892047590 	 0.000034515632767 	 0.011073592319643 	
0.988820477146707 	 0.000034503022004 	 0.011145019831288 	
0.988749114382150 	 0.000034490424331 	 0.011216395193519 	
0.988677803680828 	 0.000034477839725 	 0.011287718479447 	
0.988606544969795 	 0.000034465268167 	 0.011358989762037 	
0.988535338176255 	 0.000034452709635 	 0.011430209114110 	
0.988464183227554 	 0.000034440164108 	 0.011501376608338 	
0.988393080051185 	 0.000034427631565 	 0.011572492317249 	
0.988322028574788 	 0.000034415111985 	 0.011643556313227 	
0.988251028726144 	 0.000034402605347 	 0.011714568668509 	
0.988180080433181 	 0.000034390111631 	 0.011785529455188 	
0.988109183623970 	 0.000034377630815 	 0.011856438745215 	
0.988038338226726 	 0.000034365162879 	 0.011927296610395 	
0.987967544169807 	 0.000034352707801 	 0.011998103122391 	
0.987896801381714 	 0.000034340265562 	 0.012068858352724 	
0.987826109791090 	 0.000034327836141 	 0.012139562372770 	
0.987755469326720 	 0.000034315419516 	 0.012210215253764 	
0.987684879917532 	 0.000034303015668 	 0.012280817066800 	
0.987614341492594 	 0.000034290624576 	 0.012351367882830 	
0.987543853981115 	 0.000034278246220 	 0.012421867772665 	
0.987473417312448 	 0.000034265880579 	 0.012492316806974 	
0.987403031416080 	 0.000034253527632 	 0.012562715056288 	
0.987332696221645 	 0.000034241187360 	 0.012633062590996 	
0.987262411658910 	 0.000034228859741 	 0.012703359481348 	
0.987192177657787 	 0.000034216544757 	 0.012773605797455 	
0.987121994148324 	 0.000034204242387 	 0.012843801609290 	
0.987051861060706 	 0.000034191952609 	 0.012913946986684 	
0.986981778325260 	 0.000034179675406 	 0.012984041999335 	
0.986911745872448 	 0.000034167410755 	 0.013054086716797 	
0.986841763632870 	 0.000034155158638 	 0.013124081208492 	
0.986771831537264 	 0.000034142919034 	 0.013194025543702 	
0.986701949516505 	 0.000034130691923 	 0.013263919791572 	
0.986632117501603 	 0.000034118477286 	 0.013333764021111 	
0.986562335423704 	 0.000034106275103 	 0.013403558301194 	
0.986492603214092 	 0.000034094085353 	 0.013473302700556 	
0.986422920804184 	 0.000034081908017 	 0.013542997287799 	
0.986353288125534 	 0.000034069743075 	 0.013612642131391 	
0.986283705109829 	 0.000034057590508 	 0.013682237299664 	
0.986214171688891 	 0.000034045450296 	 0.013751782860814 	
0.986144687794676 	 0.000034033322419 	 0.013821278882905 	
0.986075253359275 	 0.000034021206857 	 0.013890725433867 	
0.986005868314911 	 0.000034009103592 	 0.013960122581497 	
0.985936532593939 	 0.000033997012604 	 0.014029470393457 	
0.985867246128849 	 0.000033984933873 	 0.014098768937278 	
0.985798008852262 	 0.000033972867380 	 0.014168018280358 	
0.985728820696932 	 0.000033960813105 	 0.014237218489963 	
0.985659681595743 	 0.000033948771029 	 0.014306369633228 	
0.985590591481712 	 0.000033936741134 	 0.014375471777155 	
0.985521550287986 	 0.000033924723399 	 0.014444524988615 	
0.985452557947843 	 0.000033912717805 	 0.014513529334352 	
0.985383614394693 	 0.000033900724334 	 0.014582484880973 	
0.985314719562073 	 0.000033888742966 	 0.014651391694962 	
0.985245873383651 	 0.000033876773682 	 0.014720249842667 	
0.985177075793226 	 0.000033864816463 	 0.014789059390311 	
0.985108326724723 	 0.000033852871290 	 0.014857820403987 	
0.985039626112200 	 0.000033840938144 	 0.014926532949656 	
0.984970973889838 	 0.000033829017007 	 0.014995197093155 	
0.984902369991951 	 0.000033817107859 	 0.015063812900191 	
0.984833814352977 	 0.000033805210681 	 0.015132380436342 	
0.984765306907485 	 0.000033793325455 	 0.015200899767060 	
0.984696847590169 	 0.000033781452162 	 0.015269370957669 	
0.984628436335850 	 0.000033769590783 	 0.015337794073368 	
0.984560073079475 	 0.000033757741299 	 0.015406169179226 	
0.984491757756118 	 0.000033745903693 	 0.015474496340189 	
0.984423490300979 	 0.000033734077945 	 0.015542775621076 	
0.984355270649384 	 0.000033722264036 	 0.015611007086580 	
0.984287098736783 	 0.000033710461949 	 0.015679190801268 	
0.984218974498751 	 0.000033698671664 	 0.015747326829584 	
0.984150897870989 	 0.000033686893164 	 0.015815415235847 	
0.984082868789322 	 0.000033675126429 	 0.015883456084249 	
0.984014887189696 	 0.000033663371442 	 0.015951449438861 	
0.983946953008186 	 0.000033651628185 	 0.016019395363629 	
0.983879066180986 	 0.000033639896638 	 0.016087293922377 	
0.983811226644415 	 0.000033628176783 	 0.016155145178802 	
0.983743434334914 	 0.000033616468603 	 0.016222949196483 	
0.983675689189048 	 0.000033604772079 	 0.016290706038873 	
0.983607991143502 	 0.000033593087194 	 0.016358415769304 	
0.983540340135085 	 0.000033581413928 	 0.016426078450987 	
0.983472736100725 	 0.000033569752264 	 0.016493694147011 	
0.983405178977474 	 0.000033558102184 	 0.016561262920342 	
0.983337668702504 	 0.000033546463670 	 0.016628784833826 	
0.983270205213107 	 0.000033534836703 	 0.016696259950190 	
0.983202788446695 	 0.000033523221267 	 0.016763688332038 	
0.983135418340802 	 0.000033511617343 	 0.016831070041855 	
0.983068094833080 	 0.000033500024913 	 0.016898405142006 	
0.983000817861302 	 0.000033488443960 	 0.016965693694738 	
0.982933587363359 	 0.000033476874465 	 0.017032935762176 	
0.982866403277260 	 0.000033465316412 	 0.017100131406328 	
0.982799265541136 	 0.000033453769781 	 0.017167280689083 	
0.982732174093232 	 0.000033442234557 	 0.017234383672211 	
0.982665128871915 	 0.000033430710720 	 0.017301440417365 	
0.982598129815667 	 0.000033419198253 	 0.017368450986080 	
0.982531176863088 	 0.000033407697140 	 0.017435415439772 	
0.982464269952896 	 0.000033396207362 	 0.017502333839742 	
0.982397409023926 	 0.000033384728902 	 0.017569206247172 	
0.982330594015128 	 0.000033373261742 	 0.017636032723130 	
0.982263824865569 	 0.000033361805865 	 0.017702813328565 	
0.982197101514434 	 0.000033350361254 	 0.017769548124312 	
0.982130423901019 	 0.000033338927891 	 0.017836237171089 	
0.982063791964741 	 0.000033327505760 	 0.017902880529499 	
0.981997205645129 	 0.000033316094842 	 0.017969478260029 	
0.981930664881827 	 0.000033304695120 	 0.018036030423053 	
0.981864169614594 	 0.000033293306578 	 0.018102537078828 	
0.981797719783303 	 0.000033281929198 	 0.018168998287498 	
0.981731315327943 	 0.000033270562964 	 0.018235414109094 	
0.981664956188613 	 0.000033259207857 	 0.018301784603530 	
0.981598642305529 	 0.000033247863861 	 0.018368109830610 	
0.981532373619019 	 0.000033236530959 	 0.018434389850022 	
0.981466150069523 	 0.000033225209134 	 0.018500624721343 	
0.981399971597595 	 0.000033213898369 	 0.018566814504036 	
0.981333838143900 	 0.000033202598647 	 0.018632959257453 	
0.981267749649216 	 0.000033191309952 	 0.018699059040832 	
0.981201706054434 	 0.000033180032266 	 0.018765113913300 	
0.981135707300554 	 0.000033168765572 	 0.018831123933874 	
0.981069753328690 	 0.000033157509854 	 0.018897089161456 	
0.981003844080064 	 0.000033146265095 	 0.018963009654841 	
0.980937979496010 	 0.000033135031278 	 0.019028885472711 	
0.980872159517975 	 0.000033123808388 	 0.019094716673637 	
0.980806384087513 	 0.000033112596406 	 0.019160503316081 	
0.980740653146289 	 0.000033101395316 	 0.019226245458395 	
0.980674966636077 	 0.000033090205103 	 0.019291943158820 	
0.980609324498762 	 0.000033079025749 	 0.019357596475490 	
0.980543726676337 	 0.000033067857237 	 0.019423205466426 	
0.980478173110904 	 0.000033056699552 	 0.019488770189544 	
0.980412663744674 	 0.000033045552677 	 0.019554290702649 	
0.980347198519966 	 0.000033034416596 	 0.019619767063439 	
0.980281777379207 	 0.000033023291291 	 0.019685199329502 	
0.980216400264933 	 0.000033012176748 	 0.019750587558320 	
0.980151067119785 	 0.000033001072949 	 0.019815931807266 	
0.980085777886515 	 0.000032989979878 	 0.019881232133607 	
0.980020532507979 	 0.000032978897519 	 0.019946488594502 	
0.979955330927140 	 0.000032967825856 	 0.020011701247003 	
0.979890173087071 	 0.000032956764873 	 0.020076870148057 	
0.979825058930946 	 0.000032945714553 	 0.020141995354501 	
0.979759988402048 	 0.000032934674881 	 0.020207076923071 	
0.979694961443767 	 0.000032923645840 	 0.020272114910393 	
0.979629977999597 	 0.000032912627414 	 0.020337109372990 	
0.979565038013136 	 0.000032901619587 	 0.020402060367277 	
0.979500141428088 	 0.000032890622344 	 0.020466967949568 	
0.979435288188264 	 0.000032879635668 	 0.020531832176068 	
0.979370478237576 	 0.000032868659544 	 0.020596653102880 	
0.979305711520043 	 0.000032857693955 	 0.020661430786002 	
0.979240987979787 	 0.000032846738886 	 0.020726165281327 	
0.979176307561032 	 0.000032835794320 	 0.020790856644647 	
0.979111670208110 	 0.000032824860243 	 0.020855504931647 	
0.979047075865450 	 0.000032813936639 	 0.020920110197911 	
0.978982524477591 	 0.000032803023491 	 0.020984672498919 	
0.978918015989168 	 0.000032792120784 	 0.021049191890048 	
0.978853550344925 	 0.000032781228502 	 0.021113668426573 	
0.978789127489703 	 0.000032770346630 	 0.021178102163667 	
0.978724747368448 	 0.000032759475152 	 0.021242493156401 	
0.978660409926206 	 0.000032748614052 	 0.021306841459741 	
0.978596115108127 	 0.000032737763316 	 0.021371147128557 	
0.978531862859460 	 0.000032726922927 	 0.021435410217613 	
0.978467653125557 	 0.000032716092870 	 0.021499630781573 	
0.978403485851868 	 0.000032705273130 	 0.021563808875002 	
0.978339360983946 	 0.000032694463690 	 0.021627944552363 	
0.978275278467445 	 0.000032683664537 	 0.021692037868018 	
0.978211238248117 	 0.000032672875654 	 0.021756088876229 	
0.978147240271814 	 0.000032662097027 	 0.021820097631160 	
0.978083284484489 	 0.000032651328639 	 0.021884064186872 	
0.978019370832195 	 0.000032640570475 	 0.021947988597330 	
0.977955499261081 	 0.000032629822522 	 0.022011870916397 	
0.977891669717399 	 0.000032619084762 	 0.022075711197839 	
0.977827882147496 	 0.000032608357181 	 0.022139509495323 	
0.977764136497819 	 0.000032597639765 	 0.022203265862416 	
0.977700432714915 	 0.000032586932497 	 0.022266980352588 	
0.977636770745426 	 0.000032576235362 	 0.022330653019211 	
0.977573150536094 	 0.000032565548347 	 0.022394283915559 	
0.977509572033757 	 0.000032554871435 	 0.022457873094808 	
0.977446035185352 	 0.000032544204612 	 0.022521420610036 	
0.977382539937911 	 0.000032533547862 	 0.022584926514227 	
0.977319086238565 	 0.000032522901172 	 0.022648390860264 	
0.977255674034540 	 0.000032512264525 	 0.022711813700935 	
0.977192303273159 	 0.000032501637907 	 0.022775195088934 	
0.977128973901841 	 0.000032491021304 	 0.022838535076855 	
0.977065685868102 	 0.000032480414700 	 0.022901833717199 	
0.977002439119552 	 0.000032469818080 	 0.022965091062368 	
0.976939233603898 	 0.000032459231431 	 0.023028307164672 	
0.976876069268941 	 0.000032448654736 	 0.023091482076323 	
0.976812946062579 	 0.000032438087982 	 0.023154615849439 	
0.976749863932801 	 0.000032427531154 	 0.023217708536044 	
0.976686822827696 	 0.000032416984237 	 0.023280760188067 	
0.976623822695443 	 0.000032406447217 	 0.023343770857340 	
0.976560863484317 	 0.000032395920079 	 0.023406740595605 	
0.976497945142686 	 0.000032385402808 	 0.023469669454506 	
0.976435067619014 	 0.000032374895390 	 0.023532557485596 	
0.976372230861855 	 0.000032364397810 	 0.023595404740334 	
0.976309434819859 	 0.000032353910055 	 0.023658211270086 	
0.976246679441769 	 0.000032343432109 	 0.023720977126122 	
0.976183964676418 	 0.000032332963959 	 0.023783702359623 	
0.976121290472736 	 0.000032322505589 	 0.023846387021675 	
0.976058656779742 	 0.000032312056985 	 0.023909031163273 	
0.975996063546548 	 0.000032301618134 	 0.023971634835318 	
0.975933510722359 	 0.000032291189021 	 0.024034198088620 	
0.975870998256471 	 0.000032280769631 	 0.024096720973898 	
0.975808526098271 	 0.000032270359950 	 0.024159203541778 	
0.975746094197239 	 0.000032259959965 	 0.024221645842796 	
0.975683702502945 	 0.000032249569661 	 0.024284047927394 	
0.975621350965049 	 0.000032239189023 	 0.024346409845928 	
0.975559039533303 	 0.000032228818039 	 0.024408731648658 	
0.975496768157550 	 0.000032218456693 	 0.024471013385757 	
0.975434536787723 	 0.000032208104971 	 0.024533255107306 	
0.975372345373843 	 0.000032197762860 	 0.024595456863297 	
0.975310193866024 	 0.000032187430345 	 0.024657618703631 	
0.975248082214467 	 0.000032177107413 	 0.024719740678120 	
0.975186010369465 	 0.000032166794050 	 0.024781822836486 	
0.975123978281397 	 0.000032156490241 	 0.024843865228362 	
0.975061985900735 	 0.000032146195973 	 0.024905867903292 	
0.975000033178036 	 0.000032135911231 	 0.024967830910732 	
0.974938120063949 	 0.000032125636003 	 0.025029754300048 	
0.974876246509209 	 0.000032115370274 	 0.025091638120518 	
0.974814412464639 	 0.000032105114030 	 0.025153482421331 	
0.974752617881153 	 0.000032094867258 	 0.025215287251589 	
0.974690862709749 	 0.000032084629944 	 0.025277052660307 	
0.974629146901516 	 0.000032074402074 	 0.025338778696410 	
0.974567470407629 	 0.000032064183634 	 0.025400465408737 	
0.974505833179349 	 0.000032053974611 	 0.025462112846040 	
0.974444235168025 	 0.000032043774992 	 0.025523721056983 	
0.974382676325094 	 0.000032033584762 	 0.025585290090144 	
0.974321156602078 	 0.000032023403908 	 0.025646819994014 	
0.974259675950586 	 0.000032013232416 	 0.025708310816998 	
0.974198234322313 	 0.000032003070273 	 0.025769762607413 	
0.974136831669041 	 0.000031992917466 	 0.025831175413493 	
0.974075467942636 	 0.000031982773981 	 0.025892549283383 	
0.974014143095051 	 0.000031972639804 	 0.025953884265146 	
0.973952857078323 	 0.000031962514922 	 0.026015180406755 	
0.973891609844577 	 0.000031952399322 	 0.026076437756101 	
0.973830401346021 	 0.000031942292990 	 0.026137656360989 	
0.973769231534947 	 0.000031932195913 	 0.026198836269140 	
0.973708100363733 	 0.000031922108078 	 0.026259977528189 	
0.973647007784842 	 0.000031912029471 	 0.026321080185687 	
0.973585953750820 	 0.000031901960079 	 0.026382144289100 	
0.973524938214298 	 0.000031891899889 	 0.026443169885813 	
0.973463961127990 	 0.000031881848888 	 0.026504157023123 	
0.973403022444694 	 0.000031871807062 	 0.026565105748245 	
0.973342122117291 	 0.000031861774398 	 0.026626016108311 	
0.973281260098747 	 0.000031851750883 	 0.026686888150370 	
0.973220436342110 	 0.000031841736504 	 0.026747721921386 	
0.973159650800510 	 0.000031831731248 	 0.026808517468241 	
0.973098903427162 	 0.000031821735102 	 0.026869274837736 	
0.973038194175360 	 0.000031811748053 	 0.026929994076587 	
0.972977522998484 	 0.000031801770087 	 0.026990675231428 	
0.972916889849995 	 0.000031791801193 	 0.027051318348812 	
0.972856294683435 	 0.000031781841356 	 0.027111923475209 	
0.972795737452429 	 0.000031771890563 	 0.027172490657008 	
0.972735218110682 	 0.000031761948803 	 0.027233019940515 	
0.972674736611982 	 0.000031752016062 	 0.027293511371955 	
0.972614292910199 	 0.000031742092327 	 0.027353964997474 	
0.972553886959281 	 0.000031732177586 	 0.027414380863133 	
0.972493518713260 	 0.000031722271825 	 0.027474759014916 	
0.972433188126246 	 0.000031712375031 	 0.027535099498723 	
0.972372895152432 	 0.000031702487193 	 0.027595402360375 	
0.972312639746090 	 0.000031692608297 	 0.027655667645614 	
0.972252421861571 	 0.000031682738330 	 0.027715895400099 	
0.972192241453310 	 0.000031672877280 	 0.027776085669410 	
0.972132098475816 	 0.000031663025134 	 0.027836238499049 	
0.972071992883683 	 0.000031653181880 	 0.027896353934437 	
0.972011924631581 	 0.000031643347505 	 0.027956432020915 	
0.971951893674260 	 0.000031633521995 	 0.028016472803744 	
0.971891899966551 	 0.000031623705340 	 0.028076476328110 	
0.971831943463360 	 0.000031613897525 	 0.028136442639115 	
0.971772024119675 	 0.000031604098540 	 0.028196371781785 	
0.971712141890563 	 0.000031594308370 	 0.028256263801067 	
0.971652296731165 	 0.000031584527004 	 0.028316118741831 	
0.971592488596705 	 0.000031574754429 	 0.028375936648866 	
0.971532717442482 	 0.000031564990633 	 0.028435717566885 	
0.971472983223874 	 0.000031555235603 	 0.028495461540523 	
0.971413285896338 	 0.000031545489327 	 0.028555168614335 	
0.971353625415405 	 0.000031535751793 	 0.028614838832803 	
0.971294001736686 	 0.000031526022987 	 0.028674472240327 	
0.971234414815868 	 0.000031516302899 	 0.028734068881233 	
0.971174864608716 	 0.000031506591515 	 0.028793628799768 	
0.971115351071071 	 0.000031496888824 	 0.028853152040105 	
0.971055874158851 	 0.000031487194813 	 0.028912638646336 	
0.970996433828049 	 0.000031477509470 	 0.028972088662481 	
0.970937030034737 	 0.000031467832782 	 0.029031502132481 	
0.970877662735060 	 0.000031458164738 	 0.029090879100202 	
0.970818331885241 	 0.000031448505325 	 0.029150219609433 	
0.970759037441579 	 0.000031438854532 	 0.029209523703889 	
0.970699779360447 	 0.000031429212345 	 0.029268791427207 	
0.970640557598295 	 0.000031419578754 	 0.029328022822951 	
0.970581372111647 	 0.000031409953745 	 0.029387217934608 	
0.970522222857102 	 0.000031400337308 	 0.029446376805590 	
0.970463109791335 	 0.000031390729429 	 0.029505499479236 	
0.970404032871095 	 0.000031381130097 	 0.029564585998808 	
0.970344992053206 	 0.000031371539301 	 0.029623636407493 	
0.970285987294567 	 0.000031361957027 	 0.029682650748406 	
0.970227018552150 	 0.000031352383264 	 0.029741629064586 	
0.970168085783000 	 0.000031342818001 	 0.029800571398999 	
0.970109188944240 	 0.000031333261224 	 0.029859477794536 	
0.970050327993062 	 0.000031323712923 	 0.029918348294014 	
0.969991502886736 	 0.000031314173086 	 0.029977182940178 	
0.969932713582601 	 0.000031304641701 	 0.030035981775698 	
0.969873960038074 	 0.000031295118755 	 0.030094744843171 	
0.969815242210640 	 0.000031285604238 	 0.030153472185122 	
0.969756560057862 	 0.000031276098137 	 0.030212163844002 	
0.969697913537371 	 0.000031266600441 	 0.030270819862188 	
0.969639302606875 	 0.000031257111137 	 0.030329440281988 	
0.969580727224152 	 0.000031247630216 	 0.030388025145633 	
0.969522187347052 	 0.000031238157663 	 0.030446574495285 	
0.969463682933498 	 0.000031228693469 	 0.030505088373033 	
0.969405213941485 	 0.000031219237622 	 0.030563566820893 	
0.969346780329081 	 0.000031209790109 	 0.030622009880811 	
0.969288382054422 	 0.000031200350919 	 0.030680417594659 	
0.969230019075720 	 0.000031190920041 	 0.030738790004239 	
0.969171691351254 	 0.000031181497463 	 0.030797127151282 	
0.969113398839379 	 0.000031172083174 	 0.030855429077447 	
0.969055141498516 	 0.000031162677162 	 0.030913695824322 	
0.968996919287160 	 0.000031153279416 	 0.030971927433424 	
0.968938732163877 	 0.000031143889924 	 0.031030123946199 	
0.968880580087302 	 0.000031134508675 	 0.031088285404023 	
0.968822463016141 	 0.000031125135657 	 0.031146411848203 	
0.968764380909169 	 0.000031115770859 	 0.031204503319972 	
0.968706333725234 	 0.000031106414270 	 0.031262559860496 	
0.968648321423252 	 0.000031097065878 	 0.031320581510870 	
0.968590343962208 	 0.000031087725672 	 0.031378568312119 	
0.968532401301159 	 0.000031078393641 	 0.031436520305199 	
0.968474493399230 	 0.000031069069774 	 0.031494437530996 	
0.968416620215615 	 0.000031059754058 	 0.031552320030326 	
0.968358781709578 	 0.000031050446484 	 0.031610167843938 	
0.968300977840452 	 0.000031041147039 	 0.031667981012509 	
0.968243208567638 	 0.000031031855713 	 0.031725759576649 	
0.968185473850606 	 0.000031022572494 	 0.031783503576899 	
0.968127773648897 	 0.000031013297372 	 0.031841213053732 	
0.968070107922116 	 0.000031004030334 	 0.031898888047550 	
0.968012476629940 	 0.000030994771371 	 0.031956528598689 	
0.967954879732112 	 0.000030985520470 	 0.032014134747418 	
0.967897317188445 	 0.000030976277621 	 0.032071706533934 	
0.967839788958817 	 0.000030967042813 	 0.032129243998370 	
0.967782295003177 	 0.000030957816035 	 0.032186747180789 	
0.967724835281538 	 0.000030948597275 	 0.032244216121187 	
0.967667409753983 	 0.000030939386523 	 0.032301650859494 	
0.967610018380662 	 0.000030930183768 	 0.032359051435570 	
0.967552661121791 	 0.000030920988999 	 0.032416417889210 	
0.967495337937653 	 0.000030911802205 	 0.032473750260142 	
0.967438048788600 	 0.000030902623374 	 0.032531048588026 	
0.967380793635047 	 0.000030893452497 	 0.032588312912456 	
0.967323572437479 	 0.000030884289562 	 0.032645543272960 	
0.967266385156445 	 0.000030875134558 	 0.032702739708997 	
0.967209231752561 	 0.000030865987475 	 0.032759902259964 	
0.967152112186510 	 0.000030856848301 	 0.032817030965189 	
0.967095026419039 	 0.000030847717027 	 0.032874125863934 	
0.967037974410963 	 0.000030838593640 	 0.032931186995397 	
0.966980956123161 	 0.000030829478131 	 0.032988214398708 	
0.966923971516578 	 0.000030820370489 	 0.033045208112933 	
0.966867020552225 	 0.000030811270703 	 0.033102168177072 	
0.966810103191177 	 0.000030802178762 	 0.033159094630061 	
0.966753219394575 	 0.000030793094656 	 0.033215987510769 	
0.966696369123626 	 0.000030784018373 	 0.033272846858001 	
0.966639552339598 	 0.000030774949904 	 0.033329672710498 	
0.966582769003828 	 0.000030765889238 	 0.033386465106934 	
0.966526019077716 	 0.000030756836364 	 0.033443224085921 	
0.966469302522724 	 0.000030747791271 	 0.033499949686004 	
0.966412619300383 	 0.000030738753950 	 0.033556641945667 	
0.966355969372284 	 0.000030729724389 	 0.033613300903327 	
0.966299352700084 	 0.000030720702577 	 0.033669926597338 	
0.966242769245504 	 0.000030711688506 	 0.033726519065991 	
0.966186218970326 	 0.000030702682163 	 0.033783078347511 	
0.966129701836399 	 0.000030693683539 	 0.033839604480062 	
0.966073217805633 	 0.000030684692623 	 0.033896097501744 	
0.966016766840004 	 0.000030675709404 	 0.033952557450592 	
0.965960348901548 	 0.000030666733873 	 0.034008984364579 	
0.965903963952365 	 0.000030657766019 	 0.034065378281616 	
0.965847611954621 	 0.000030648805831 	 0.034121739239548 	
0.965791292870539 	 0.000030639853300 	 0.034178067276162 	
0.965735006662409 	 0.000030630908414 	 0.034234362429177 	
0.965678753292583 	 0.000030621971164 	 0.034290624736254 	
0.965622532723473 	 0.000030613041539 	 0.034346854234988 	
0.965566344917556 	 0.000030604119529 	 0.034403050962915 	
0.965510189837369 	 0.000030595205123 	 0.034459214957507 	
0.965454067445513 	 0.000030586298312 	 0.034515346256175 	
0.965397977704648 	 0.000030577399086 	 0.034571444896267 	
0.965341920577497 	 0.000030568507433 	 0.034627510915069 	
0.965285896026847 	 0.000030559623345 	 0.034683544349808 	
0.965229904015543 	 0.000030550746810 	 0.034739545237647 	
0.965173944506492 	 0.000030541877819 	 0.034795513615689 	
0.965118017462664 	 0.000030533016361 	 0.034851449520975 	
0.965062122847087 	 0.000030524162427 	 0.034907352990486 	
0.965006260622853 	 0.000030515316006 	 0.034963224061141 	
0.964950430753113 	 0.000030506477088 	 0.035019062769799 	
0.964894633201079 	 0.000030497645663 	 0.035074869153258 	
0.964838867930024 	 0.000030488821721 	 0.035130643248255 	
0.964783134903279 	 0.000030480005253 	 0.035186385091468 	
0.964727434084240 	 0.000030471196247 	 0.035242094719513 	
0.964671765436358 	 0.000030462394695 	 0.035297772168946 	
0.964616128923148 	 0.000030453600586 	 0.035353417476266 	
0.964560524508182 	 0.000030444813910 	 0.035409030677908 	
0.964504952155093 	 0.000030436034658 	 0.035464611810249 	
0.964449411827574 	 0.000030427262819 	 0.035520160909608 	
0.964393903489376 	 0.000030418498383 	 0.035575678012241 	
0.964338427104312 	 0.000030409741341 	 0.035631163154347 	
0.964282982636252 	 0.000030400991683 	 0.035686616372065 	
0.964227570049125 	 0.000030392249399 	 0.035742037701477 	
0.964172189306920 	 0.000030383514479 	 0.035797427178602 	
0.964116840373684 	 0.000030374786913 	 0.035852784839403 	
0.964061523213525 	 0.000030366066692 	 0.035908110719783 	
0.964006237790607 	 0.000030357353806 	 0.035963404855588 	
0.963950984069153 	 0.000030348648244 	 0.036018667282603 	
0.963895762013445 	 0.000030339949998 	 0.036073898036556 	
0.963840571587824 	 0.000030331259058 	 0.036129097153119 	
0.963785412756686 	 0.000030322575413 	 0.036184264667900 	
0.963730285484489 	 0.000030313899055 	 0.036239400616456 	
0.963675189735747 	 0.000030305229973 	 0.036294505034280 	
0.963620125475031 	 0.000030296568158 	 0.036349577956810 	
0.963565092666971 	 0.000030287913601 	 0.036404619419428 	
0.963510091276253 	 0.000030279266291 	 0.036459629457456 	
0.963455121267622 	 0.000030270626219 	 0.036514608106159 	
0.963400182605880 	 0.000030261993376 	 0.036569555400744 	
0.963345275255884 	 0.000030253367752 	 0.036624471376364 	
0.963290399182552 	 0.000030244749337 	 0.036679356068111 	
0.963235554350855 	 0.000030236138122 	 0.036734209511023 	
0.963180740725824 	 0.000030227534097 	 0.036789031740079 	
0.963125958272543 	 0.000030218937254 	 0.036843822790203 	
0.963071206956157 	 0.000030210347581 	 0.036898582696262 	
0.963016486741864 	 0.000030201765071 	 0.036953311493065 	
0.962961797594919 	 0.000030193189713 	 0.037008009215368 	
0.962907139480634 	 0.000030184621498 	 0.037062675897868 	
0.962852512364377 	 0.000030176060417 	 0.037117311575206 	
0.962797916211572 	 0.000030167506460 	 0.037171916281968 	
0.962743350987697 	 0.000030158959618 	 0.037226490052684 	
0.962688816658289 	 0.000030150419882 	 0.037281032921828 	
0.962634313188939 	 0.000030141887242 	 0.037335544923819 	
0.962579840545291 	 0.000030133361689 	 0.037390026093020 	
0.962525398693049 	 0.000030124843213 	 0.037444476463738 	
0.962470987597969 	 0.000030116331806 	 0.037498896070225 	
0.962416607225864 	 0.000030107827458 	 0.037553284946678 	
0.962362257542601 	 0.000030099330159 	 0.037607643127240 	
0.962307938514101 	 0.000030090839901 	 0.037661970645998 	
0.962253650106342 	 0.000030082356675 	 0.037716267536984 	
0.962199392285355 	 0.000030073880470 	 0.037770533834175 	
0.962145165017227 	 0.000030065411278 	 0.037824769571495 	
0.962090968268098 	 0.000030056949090 	 0.037878974782811 	
0.962036802004164 	 0.000030048493897 	 0.037933149501939 	
0.961982666191673 	 0.000030040045689 	 0.037987293762638 	
0.961928560796929 	 0.000030031604457 	 0.038041407598614 	
0.961874485786289 	 0.000030023170192 	 0.038095491043518 	
0.961820441126165 	 0.000030014742886 	 0.038149544130949 	
0.961766426783022 	 0.000030006322528 	 0.038203566894450 	
0.961712442723378 	 0.000029997909111 	 0.038257559367511 	
0.961658488913806 	 0.000029989502624 	 0.038311521583570 	
0.961604565320932 	 0.000029981103059 	 0.038365453576009 	
0.961550671911435 	 0.000029972710407 	 0.038419355378158 	
0.961496808652046 	 0.000029964324659 	 0.038473227023295 	
0.961442975509553 	 0.000029955945806 	 0.038527068544641 	
0.961389172450793 	 0.000029947573838 	 0.038580879975369 	
0.961335399442658 	 0.000029939208748 	 0.038634661348595 	
0.961281656452091 	 0.000029930850525 	 0.038688412697384 	
0.961227943446091 	 0.000029922499161 	 0.038742134054748 	
0.961174260391706 	 0.000029914154648 	 0.038795825453646 	
0.961120607256038 	 0.000029905816976 	 0.038849486926986 	
0.961066984006242 	 0.000029897486136 	 0.038903118507622 	
0.961013390609525 	 0.000029889162120 	 0.038956720228355 	
0.960959827033144 	 0.000029880844918 	 0.039010292121937 	
0.960906293244412 	 0.000029872534523 	 0.039063834221066 	
0.960852789210690 	 0.000029864230924 	 0.039117346558386 	
0.960799314899393 	 0.000029855934113 	 0.039170829166493 	
0.960745870277988 	 0.000029847644082 	 0.039224282077930 	
0.960692455313992 	 0.000029839360822 	 0.039277705325186 	
0.960639069974975 	 0.000029831084324 	 0.039331098940702 	
0.960585714228557 	 0.000029822814578 	 0.039384462956865 	
0.960532388042411 	 0.000029814551578 	 0.039437797406011 	
0.960479091384260 	 0.000029806295313 	 0.039491102320428 	
0.960425824221878 	 0.000029798045775 	 0.039544377732347 	
0.960372586523091 	 0.000029789802955 	 0.039597623673954 	
0.960319378255775 	 0.000029781566845 	 0.039650840177380 	
0.960266199387856 	 0.000029773337437 	 0.039704027274707 	
0.960213049887314 	 0.000029765114720 	 0.039757184997966 	
0.960159929722175 	 0.000029756898688 	 0.039810313379137 	
0.960106838860519 	 0.000029748689331 	 0.039863412450151 	
0.960053777270474 	 0.000029740486640 	 0.039916482242886 	
0.960000744920221 	 0.000029732290607 	 0.039969522789172 	
0.959947741777988 	 0.000029724101224 	 0.040022534120788 	
0.959894767812055 	 0.000029715918482 	 0.040075516269463 	
0.959841822990751 	 0.000029707742373 	 0.040128469266876 	
0.959788907282457 	 0.000029699572887 	 0.040181393144656 	
0.959736020655600 	 0.000029691410017 	 0.040234287934383 	
0.959683163078660 	 0.000029683253753 	 0.040287153667587 	
0.959630334520165 	 0.000029675104089 	 0.040339990375747 	
0.959577534948692 	 0.000029666961014 	 0.040392798090294 	
0.959524764332870 	 0.000029658824520 	 0.040445576842610 	
0.959472022641373 	 0.000029650694600 	 0.040498326664027 	
0.959419309842928 	 0.000029642571245 	 0.040551047585827 	
0.959366625906309 	 0.000029634454446 	 0.040603739639246 	
0.959313970800339 	 0.000029626344195 	 0.040656402855466 	
0.959261344493891 	 0.000029618240483 	 0.040709037265626 	
0.959208746955885 	 0.000029610143303 	 0.040761642900812 	
0.959156178155292 	 0.000029602052646 	 0.040814219792062 	
0.959103638061130 	 0.000029593968503 	 0.040866767970367 	
0.959051126642465 	 0.000029585890866 	 0.040919287466669 	
0.958998643868412 	 0.000029577819728 	 0.040971778311860 	
0.958946189708135 	 0.000029569755079 	 0.041024240536786 	
0.958893764130845 	 0.000029561696912 	 0.041076674172244 	
0.958841367105801 	 0.000029553645217 	 0.041129079248982 	
0.958788998602311 	 0.000029545599988 	 0.041181455797701 	
0.958736658589731 	 0.000029537561215 	 0.041233803849054 	
0.958684347037462 	 0.000029529528891 	 0.041286123433646 	
0.958632063914957 	 0.000029521503007 	 0.041338414582035 	
0.958579809191713 	 0.000029513483556 	 0.041390677324731 	
0.958527582837277 	 0.000029505470528 	 0.041442911692195 	
0.958475384821240 	 0.000029497463916 	 0.041495117714844 	
0.958423215113245 	 0.000029489463712 	 0.041547295423043 	
0.958371073682978 	 0.000029481469907 	 0.041599444847115 	
0.958318960500175 	 0.000029473482493 	 0.041651566017332 	
0.958266875534617 	 0.000029465501463 	 0.041703658963920 	
0.958214818756132 	 0.000029457526808 	 0.041755723717060 	
0.958162790134596 	 0.000029449558521 	 0.041807760306883 	
0.958110789639932 	 0.000029441596592 	 0.041859768763476 	
0.958058817242109 	 0.000029433641014 	 0.041911749116877 	
0.958006872911141 	 0.000029425691780 	 0.041963701397080 	
0.957954956617090 	 0.000029417748880 	 0.042015625634030 	
0.957903068330065 	 0.000029409812307 	 0.042067521857628 	
0.957851208020220 	 0.000029401882054 	 0.042119390097726 	
0.957799375657755 	 0.000029393958111 	 0.042171230384133 	
0.957747571212918 	 0.000029386040472 	 0.042223042746610 	
0.957695794656001 	 0.000029378129127 	 0.042274827214872 	
0.957644045957342 	 0.000029370224070 	 0.042326583818588 	
0.957592325087325 	 0.000029362325292 	 0.042378312587382 	
0.957540632016382 	 0.000029354432786 	 0.042430013550833 	
0.957488966714986 	 0.000029346546543 	 0.042481686738471 	
